{
 "cells": [
  {
   "cell_type": "code",
   "execution_count": 4,
   "metadata": {},
   "outputs": [
    {
     "name": "stdout",
     "output_type": "stream",
     "text": [
      "[0.5        0.33333333 0.16666667]\n",
      "[0.33333333 0.41666667 0.25      ]\n",
      "[0.45833333 0.375      0.16666667]\n",
      "[0.35416667 0.41666667 0.22916667]\n",
      "[0.4375     0.38541667 0.17708333]\n",
      "[0.36979167 0.41145833 0.21875   ]\n",
      "[0.42447917 0.390625   0.18489583]\n",
      "[0.38020833 0.40755208 0.21223958]\n",
      "[0.41601562 0.39388021 0.19010417]\n",
      "[0.38704427 0.40494792 0.20800781]\n",
      "[0.41048177 0.39599609 0.19352214]\n",
      "[0.39152018 0.40323893 0.20524089]\n",
      "[0.40686035 0.39737956 0.19576009]\n",
      "[0.39444987 0.40211995 0.20343018]\n",
      "[0.40449015 0.39828491 0.19722493]\n",
      "[0.39636739 0.40138753 0.20224508]\n",
      "[0.40293884 0.39887746 0.1981837 ]\n",
      "[0.39762243 0.40090815 0.20146942]\n",
      "[0.4019235  0.39926529 0.19881121]\n",
      "[0.39844386 0.40059439 0.20096175]\n",
      "[0.40125895 0.39951913 0.19922193]\n",
      "[0.39898149 0.40038904 0.20062947]\n",
      "[0.40082399 0.39968526 0.19949075]\n",
      "[0.39933338 0.40025463 0.200412  ]\n",
      "[0.40053931 0.399794   0.19966669]\n",
      "[0.39956369 0.40016666 0.20026965]\n",
      "[0.40035298 0.39986517 0.19978185]\n",
      "[0.39971443 0.40010908 0.20017649]\n",
      "[0.40023103 0.39991175 0.19985722]\n",
      "[0.39981309 0.40007139 0.20011551]\n",
      "[0.40015121 0.39994224 0.19990655]\n",
      "[0.39987767 0.40004673 0.20007561]\n",
      "[0.40009897 0.3999622  0.19993883]\n",
      "[0.39991993 0.40003058 0.20004948]\n",
      "[0.40006478 0.39997526 0.19995997]\n",
      "[0.3999476  0.40002002 0.20003239]\n",
      "[0.4000424  0.39998381 0.1999738 ]\n",
      "[0.3999657 0.4000131 0.2000212]\n",
      "[0.40002775 0.3999894  0.19998285]\n",
      "[0.39997755 0.40000857 0.20001387]\n",
      "[0.40001816 0.39999306 0.19998878]\n",
      "[0.39998531 0.40000561 0.20000908]\n",
      "[0.40001189 0.39999546 0.19999265]\n",
      "[0.39999038 0.40000367 0.20000594]\n",
      "[0.40000778 0.39999703 0.19999519]\n",
      "[0.39999371 0.4000024  0.20000389]\n",
      "[0.40000509 0.39999805 0.19999685]\n",
      "[0.39999588 0.40000157 0.20000255]\n",
      "[0.40000333 0.39999873 0.19999794]\n",
      "[0.3999973  0.40000103 0.20000167]\n",
      "[0.40000218 0.39999917 0.19999865]\n",
      "[0.39999824 0.40000067 0.20000109]\n",
      "[0.40000143 0.39999945 0.19999912]\n",
      "[0.39999884 0.40000044 0.20000071]\n",
      "[0.40000093 0.39999964 0.19999942]\n",
      "[0.39999924 0.40000029 0.20000047]\n",
      "[0.40000061 0.39999977 0.19999962]\n",
      "[0.39999951 0.40000019 0.20000031]\n",
      "[0.4000004  0.39999985 0.19999975]\n",
      "[0.39999968 0.40000012 0.2000002 ]\n",
      "[0.40000026 0.3999999  0.19999984]\n",
      "[0.39999979 0.40000008 0.20000013]\n",
      "[0.40000017 0.39999993 0.19999989]\n",
      "[0.39999986 0.40000005 0.20000009]\n",
      "[0.40000011 0.39999996 0.19999993]\n",
      "[0.39999991 0.40000003 0.20000006]\n",
      "[0.40000007 0.39999997 0.19999995]\n",
      "[0.39999994 0.40000002 0.20000004]\n",
      "[0.40000005 0.39999998 0.19999997]\n",
      "[0.39999996 0.40000001 0.20000002]\n",
      "[0.40000003 0.39999999 0.19999998]\n",
      "[0.39999997 0.40000001 0.20000002]\n",
      "[0.40000002 0.39999999 0.19999999]\n",
      "[0.39999998 0.40000001 0.20000001]\n",
      "[0.40000001 0.39999999 0.19999999]\n",
      "[0.39999999 0.4        0.20000001]\n",
      "[0.40000001 0.4        0.19999999]\n",
      "[0.39999999 0.4        0.2       ]\n",
      "[0.40000001 0.4        0.2       ]\n",
      "[0.4 0.4 0.2]\n",
      "[0.4 0.4 0.2]\n",
      "[0.4 0.4 0.2]\n",
      "[0.4 0.4 0.2]\n",
      "[0.4 0.4 0.2]\n",
      "[0.4 0.4 0.2]\n",
      "[0.4 0.4 0.2]\n",
      "[0.4 0.4 0.2]\n",
      "[0.4 0.4 0.2]\n",
      "[0.4 0.4 0.2]\n",
      "[0.4 0.4 0.2]\n",
      "[0.4 0.4 0.2]\n",
      "[0.4 0.4 0.2]\n",
      "[0.4 0.4 0.2]\n",
      "[0.4 0.4 0.2]\n",
      "[0.4 0.4 0.2]\n",
      "[0.4 0.4 0.2]\n",
      "[0.4 0.4 0.2]\n",
      "[0.4 0.4 0.2]\n",
      "[0.4 0.4 0.2]\n",
      "[0.4 0.4 0.2]\n"
     ]
    }
   ],
   "source": [
    "import numpy as np\n",
    "\n",
    "r = np.array([1/3, 1/3, 1/3])\n",
    "M = np.array([[0  , 1/2, 1], \n",
    "              [1/2, 1/2, 0], \n",
    "              [1/2,   0, 0]]\n",
    "            )\n",
    "\n",
    "for _ in range(100):\n",
    "    r = np.matmul(M, r)\n",
    "    print(r)"
   ]
  },
  {
   "cell_type": "code",
   "execution_count": null,
   "metadata": {},
   "outputs": [],
   "source": []
  }
 ],
 "metadata": {
  "kernelspec": {
   "display_name": "datas",
   "language": "python",
   "name": "python3"
  },
  "language_info": {
   "codemirror_mode": {
    "name": "ipython",
    "version": 3
   },
   "file_extension": ".py",
   "mimetype": "text/x-python",
   "name": "python",
   "nbconvert_exporter": "python",
   "pygments_lexer": "ipython3",
   "version": "3.10.13"
  }
 },
 "nbformat": 4,
 "nbformat_minor": 2
}
